Mean Noise Amplitude <length scales>
-----------ALL SAMPLES-------------
72.2217698301 0.001 1243.89985454 0.410539993625 0.566834482956 
88.2281193509 0.001 1258.61730322 0.211184495308 0.539436708276 
77.5233071259 0.001 1257.56732096 0.205486648781 0.669010182089 
58.2662398965 0.001 1258.03358804 0.180168747559 0.705769978925 
45.5434094824 0.001 1171.63860335 0.168533410883 0.617655360142 
70.5934850728 0.001 1171.00341329 0.416046918714 0.370818121497 
79.1604170127 0.001 1177.79480337 0.295839377388 0.546046737402 
71.5805802351 0.001 1172.5951799 0.25665115365 0.721077266826 
53.2907385562 0.001 1249.13551719 0.31612851973 0.764971645346 
103.271672307 0.001 1293.84108293 0.289255061798 0.830827822243 
-----------MEAN OF SAMPLES-------------
71.967973887 0.001 1225.41266668 0.274983432744 0.63324483057 
